#Layer_Color=16711935
#
#Feature symbol names
#
$0 r3.937

#
#Feature attribute names
#

#
#Layer features
#
A 0.9330708 0.3543308 0.9330708 0.3543308 0.9133858 0.3543308 0 P 0 N
A 1.2027559 0.6948819 1.2027559 0.6948819 1.1830709 0.6948819 0 P 0 N
A 1.3562993 0.4247903 1.3562993 0.4247903 1.3366143 0.4247903 0 P 0 N
L 0.2982283 0.0866142 0.2982283 0.1417323 0 P 0
L 0.2982283 0.0866142 0.418307 0.0866142 0 P 0
L 0.2982283 0.1417323 0.418307 0.1417323 0 P 0
L 0.3080709 0.1505905 0.3080709 0.1879921 0 P 0
L 0.3080709 0.1505905 0.3769686 0.1505905 0 P 0
L 0.3080709 0.1879921 0.3769686 0.1879921 0 P 0
L 0.3769686 0.1505905 0.3769686 0.1879921 0 P 0
L 0.3819285 0.8139764 0.3819285 0.855315 0 P 0
L 0.3819285 0.8139764 0.403582 0.8139764 0 P 0
L 0.3819285 0.855315 0.403582 0.855315 0 P 0
L 0.3937008 0.1358268 0.3937008 0.1791339 0 P 0
L 0.3937008 0.1358268 0.4173228 0.1358268 0 P 0
L 0.3937008 0.1791339 0.4173228 0.1791339 0 P 0
L 0.403582 0.8139764 0.403582 0.855315 0 P 0
L 0.4173228 0.1358268 0.4173228 0.1791339 0 P 0
L 0.4173228 0.8129921 0.4173228 0.8562992 0 P 0
L 0.4173228 0.8129921 0.4409448 0.8129921 0 P 0
L 0.4173228 0.8562992 0.4409448 0.8562992 0 P 0
L 0.418307 0.0866142 0.418307 0.1417323 0 P 0
L 0.4409448 0.8129921 0.4409448 0.8562992 0 P 0
L 0.448819 0.1397638 0.448819 0.1830709 0 P 0
L 0.448819 0.1397638 0.472441 0.1397638 0 P 0
L 0.448819 0.1830709 0.472441 0.1830709 0 P 0
L 0.4527559 0.8129921 0.4527559 0.8562992 0 P 0
L 0.4527559 0.8129921 0.4763779 0.8129921 0 P 0
L 0.4527559 0.8562992 0.4763779 0.8562992 0 P 0
L 0.472441 0.1397638 0.472441 0.1830709 0 P 0
L 0.4763779 0.8129921 0.4763779 0.8562992 0 P 0
L 0.4852362 0.144685 0.4852362 0.1860236 0 P 0
L 0.4852362 0.144685 0.5068897 0.144685 0 P 0
L 0.4852362 0.1860236 0.5068897 0.1860236 0 P 0
L 0.5068897 0.144685 0.5068897 0.1860236 0 P 0
L 0.5285433 0.1545275 0.5285433 0.1919291 0 P 0
L 0.5285433 0.1545275 0.5285433 0.1919291 0 P 0
L 0.5285433 0.1545275 0.597441 0.1545275 0 P 0
L 0.5285433 0.1545275 0.597441 0.1545275 0 P 0
L 0.5285433 0.1919291 0.597441 0.1919291 0 P 0
L 0.5285433 0.1919291 0.597441 0.1919291 0 P 0
L 0.597441 0.1545275 0.597441 0.1919291 0 P 0
L 0.597441 0.1545275 0.597441 0.1919291 0 P 0
L 0.6348425 0.1545275 0.6348425 0.1919291 0 P 0
L 0.6348425 0.1545275 0.6348425 0.1919291 0 P 0
L 0.6348425 0.1545275 0.7037402 0.1545275 0 P 0
L 0.6348425 0.1545275 0.7037402 0.1545275 0 P 0
L 0.6348425 0.1919291 0.7037402 0.1919291 0 P 0
L 0.6348425 0.1919291 0.7037402 0.1919291 0 P 0
L 0.7037402 0.1545275 0.7037402 0.1919291 0 P 0
L 0.7037402 0.1545275 0.7037402 0.1919291 0 P 0
L 0.8100394 0.7962599 0.8100394 0.8179134 0 P 0
L 0.8100394 0.7962599 0.851378 0.7962599 0 P 0
L 0.8100394 0.8179134 0.851378 0.8179134 0 P 0
L 0.8100394 0.831693 0.8100394 0.8533465 0 P 0
L 0.8100394 0.831693 0.851378 0.831693 0 P 0
L 0.8100394 0.8533465 0.851378 0.8533465 0 P 0
L 0.8100394 0.8671261 0.8100394 0.8887796 0 P 0
L 0.8100394 0.8671261 0.851378 0.8671261 0 P 0
L 0.8100394 0.8887796 0.851378 0.8887796 0 P 0
L 0.827756 0.144685 0.827756 0.1860236 0 P 0
L 0.827756 0.144685 0.8494095 0.144685 0 P 0
L 0.827756 0.1860236 0.8494095 0.1860236 0 P 0
L 0.8307087 0.2716536 0.8307087 0.3897639 0 P 0
L 0.8307087 0.2716536 0.9488189 0.2716536 0 P 0
L 0.8307087 0.3897639 0.9488189 0.3897639 0 P 0
L 0.8336614 0.2057087 0.8336614 0.2273622 0 P 0
L 0.8336614 0.2057087 0.875 0.2057087 0 P 0
L 0.8336614 0.2273622 0.875 0.2273622 0 P 0
L 0.8354129 0.5413386 0.8354129 0.5846457 0 P 0
L 0.8354129 0.5413386 0.8590349 0.5413386 0 P 0
L 0.8354129 0.5846457 0.8590349 0.5846457 0 P 0
L 0.8494095 0.144685 0.8494095 0.1860236 0 P 0
L 0.851378 0.7962599 0.851378 0.8179134 0 P 0
L 0.851378 0.831693 0.851378 0.8533465 0 P 0
L 0.851378 0.8671261 0.851378 0.8887796 0 P 0
L 0.8590349 0.5413386 0.8590349 0.5846457 0 P 0
L 0.8592519 0.144685 0.8592519 0.1860236 0 P 0
L 0.8592519 0.144685 0.8809054 0.144685 0 P 0
L 0.8592519 0.1860236 0.8809054 0.1860236 0 P 0
L 0.8700788 0.5413386 0.8700788 0.5846457 0 P 0
L 0.8700788 0.5413386 0.8937008 0.5413386 0 P 0
L 0.8700788 0.5846457 0.8937008 0.5846457 0 P 0
L 0.875 0.2057087 0.875 0.2273622 0 P 0
L 0.8809054 0.144685 0.8809054 0.1860236 0 P 0
L 0.8937008 0.5413386 0.8937008 0.5846457 0 P 0
L 0.8996085 0.2047244 0.8996085 0.2283464 0 P 0
L 0.8996085 0.2047244 0.9429156 0.2047244 0 P 0
L 0.8996085 0.2283464 0.9429156 0.2283464 0 P 0
L 0.9001783 0.1348425 0.9001783 0.156496 0 P 0
L 0.9001783 0.1348425 0.9415169 0.1348425 0 P 0
L 0.9001783 0.156496 0.9415169 0.156496 0 P 0
L 0.9001783 0.1702756 0.9001783 0.1919291 0 P 0
L 0.9001783 0.1702756 0.9415169 0.1702756 0 P 0
L 0.9001783 0.1919291 0.9415169 0.1919291 0 P 0
L 0.9389764 0.4507874 0.9389764 0.730315 0 P 0
L 0.9389764 0.4507874 1.218504 0.4507874 0 P 0
L 0.9389764 0.730315 1.218504 0.730315 0 P 0
L 0.9415169 0.1348425 0.9415169 0.156496 0 P 0
L 0.9415169 0.1702756 0.9415169 0.1919291 0 P 0
L 0.9429156 0.2047244 0.9429156 0.2283464 0 P 0
L 0.9488189 0.2716536 0.9488189 0.3897639 0 P 0
L 0.9665356 0.3464567 0.9665356 0.3700787 0 P 0
L 0.9665356 0.3464567 1.0098427 0.3464567 0 P 0
L 0.9665356 0.3700787 1.0098427 0.3700787 0 P 0
L 0.9670223 0.2047244 0.9670223 0.2283464 0 P 0
L 0.9670223 0.2047244 1.0103294 0.2047244 0 P 0
L 0.9670223 0.2283464 1.0103294 0.2283464 0 P 0
L 0.9675197 0.2411417 0.9675197 0.2627952 0 P 0
L 0.9675197 0.2411417 1.0088583 0.2411417 0 P 0
L 0.9675197 0.2627952 1.0088583 0.2627952 0 P 0
L 0.9675197 0.2765748 0.9675197 0.2982283 0 P 0
L 0.9675197 0.2765748 1.0088583 0.2765748 0 P 0
L 0.9675197 0.2982283 1.0088583 0.2982283 0 P 0
L 0.9675199 0.3120079 0.9675199 0.3336614 0 P 0
L 0.9675199 0.3120079 1.0088585 0.3120079 0 P 0
L 0.9675199 0.3336614 1.0088585 0.3336614 0 P 0
L 0.9704725 0.3818898 0.9704725 0.4055118 0 P 0
L 0.9704725 0.3818898 1.0137796 0.3818898 0 P 0
L 0.9704725 0.4055118 1.0137796 0.4055118 0 P 0
L 0.9980316 0.7716536 0.9980316 0.7952756 0 P 0
L 0.9980316 0.7716536 1.0413387 0.7716536 0 P 0
L 0.9980316 0.7952756 1.0413387 0.7952756 0 P 0
L 0.9990157 0.815945 0.9990157 0.8375985 0 P 0
L 0.9990157 0.815945 1.0403543 0.815945 0 P 0
L 0.9990157 0.8375985 1.0403543 0.8375985 0 P 0
L 0.9990157 0.851378 0.9990157 0.8730315 0 P 0
L 0.9990157 0.851378 1.0403543 0.851378 0 P 0
L 0.9990157 0.8730315 1.0403543 0.8730315 0 P 0
L 1.0088583 0.2411417 1.0088583 0.2627952 0 P 0
L 1.0088583 0.2765748 1.0088583 0.2982283 0 P 0
L 1.0088585 0.3120079 1.0088585 0.3336614 0 P 0
L 1.0098427 0.3464567 1.0098427 0.3700787 0 P 0
L 1.0103294 0.2047244 1.0103294 0.2283464 0 P 0
L 1.0137796 0.3818898 1.0137796 0.4055118 0 P 0
L 1.0226378 0.2726378 1.0226378 0.2942913 0 P 0
L 1.0226378 0.2726378 1.0639764 0.2726378 0 P 0
L 1.0226378 0.2942913 1.0639764 0.2942913 0 P 0
L 1.0255906 0.2401575 1.0255906 0.2637795 0 P 0
L 1.0255906 0.2401575 1.0688977 0.2401575 0 P 0
L 1.0255906 0.2637795 1.0688977 0.2637795 0 P 0
L 1.0275591 0.0590552 1.0275591 0.1771654 0 P 0
L 1.0275591 0.0590552 1.1456693 0.0590552 0 P 0
L 1.0275591 0.1771654 1.1456693 0.1771654 0 P 0
L 1.0338475 0.2047244 1.0338475 0.2283464 0 P 0
L 1.0338475 0.2047244 1.0771546 0.2047244 0 P 0
L 1.0338475 0.2283464 1.0771546 0.2283464 0 P 0
L 1.0403543 0.815945 1.0403543 0.8375985 0 P 0
L 1.0403543 0.851378 1.0403543 0.8730315 0 P 0
L 1.0413387 0.7716536 1.0413387 0.7952756 0 P 0
L 1.0639764 0.2726378 1.0639764 0.2942913 0 P 0
L 1.0688977 0.2401575 1.0688977 0.2637795 0 P 0
L 1.0771546 0.2047244 1.0771546 0.2283464 0 P 0
L 1.1003936 0.2047244 1.1003936 0.2283464 0 P 0
L 1.1003936 0.2047244 1.1437007 0.2047244 0 P 0
L 1.1003936 0.2283464 1.1437007 0.2283464 0 P 0
L 1.1161417 0.3818898 1.1161417 0.4055118 0 P 0
L 1.1161417 0.3818898 1.1594488 0.3818898 0 P 0
L 1.1161417 0.4055118 1.1594488 0.4055118 0 P 0
L 1.117126 0.3120079 1.117126 0.3336614 0 P 0
L 1.117126 0.3120079 1.1584646 0.3120079 0 P 0
L 1.117126 0.3336614 1.1584646 0.3336614 0 P 0
L 1.117126 0.3474409 1.117126 0.3690944 0 P 0
L 1.117126 0.3474409 1.1584646 0.3474409 0 P 0
L 1.117126 0.3690944 1.1584646 0.3690944 0 P 0
L 1.1437007 0.2047244 1.1437007 0.2283464 0 P 0
L 1.1456693 0.0590552 1.1456693 0.1771654 0 P 0
L 1.1584646 0.3120079 1.1584646 0.3336614 0 P 0
L 1.1584646 0.3474409 1.1584646 0.3690944 0 P 0
L 1.1594488 0.3818898 1.1594488 0.4055118 0 P 0
L 1.1718504 0.1151575 1.1718504 0.1840551 0 P 0
L 1.1718504 0.1151575 1.2927165 0.1151575 0 P 0
L 1.1718504 0.1840551 1.2927165 0.1840551 0 P 0
L 1.1801181 0.0442913 1.1801181 0.0659448 0 P 0
L 1.1801181 0.0442913 1.2214567 0.0442913 0 P 0
L 1.1801181 0.0659448 1.2214567 0.0659448 0 P 0
L 1.1830708 0.3110236 1.1830708 0.3346456 0 P 0
L 1.1830708 0.3110236 1.2263779 0.3110236 0 P 0
L 1.1830708 0.3346456 1.2263779 0.3346456 0 P 0
L 1.1840551 0.3474409 1.1840551 0.3690944 0 P 0
L 1.1840551 0.3474409 1.2253937 0.3474409 0 P 0
L 1.1840551 0.3690944 1.2253937 0.3690944 0 P 0
L 1.218504 0.4507874 1.218504 0.730315 0 P 0
L 1.2214567 0.0442913 1.2214567 0.0659448 0 P 0
L 1.2253937 0.3474409 1.2253937 0.3690944 0 P 0
L 1.2262073 0.2421259 1.2262073 0.285433 0 P 0
L 1.2262073 0.2421259 1.2498293 0.2421259 0 P 0
L 1.2262073 0.285433 1.2498293 0.285433 0 P 0
L 1.2263779 0.3110236 1.2263779 0.3346456 0 P 0
L 1.2470472 0.0442913 1.2470472 0.0659448 0 P 0
L 1.2470472 0.0442913 1.2883858 0.0442913 0 P 0
L 1.2470472 0.0659448 1.2883858 0.0659448 0 P 0
L 1.2498293 0.2421259 1.2498293 0.285433 0 P 0
L 1.2500002 0.283058 1.2500002 0.4602234 0 P 0
L 1.2500002 0.283058 1.3720474 0.283058 0 P 0
L 1.2500002 0.4602234 1.3720474 0.4602234 0 P 0
L 1.2500529 0.8651575 1.2500529 0.9064961 0 P 0
L 1.2500529 0.8651575 1.2717064 0.8651575 0 P 0
L 1.2500529 0.9064961 1.2717064 0.9064961 0 P 0
L 1.2509843 0.7637795 1.2509843 0.8425196 0 P 0
L 1.2509843 0.7637795 1.3001969 0.7637795 0 P 0
L 1.2509843 0.8425196 1.3001969 0.8425196 0 P 0
L 1.2637795 0.53937 1.2637795 0.5826771 0 P 0
L 1.2637795 0.53937 1.2874015 0.53937 0 P 0
L 1.2637795 0.5826771 1.2874015 0.5826771 0 P 0
L 1.2647637 0.6112204 1.2647637 0.652559 0 P 0
L 1.2647637 0.6112204 1.2864172 0.6112204 0 P 0
L 1.2647637 0.652559 1.2864172 0.652559 0 P 0
L 1.2647638 0.6742125 1.2647638 0.7155511 0 P 0
L 1.2647638 0.6742125 1.2864173 0.6742125 0 P 0
L 1.2647638 0.7155511 1.2864173 0.7155511 0 P 0
L 1.2717064 0.8651575 1.2717064 0.9064961 0 P 0
L 1.2851524 0.8651575 1.2851524 0.9064961 0 P 0
L 1.2851524 0.8651575 1.3068059 0.8651575 0 P 0
L 1.2851524 0.9064961 1.3068059 0.9064961 0 P 0
L 1.2864172 0.6112204 1.2864172 0.652559 0 P 0
L 1.2864173 0.6742125 1.2864173 0.7155511 0 P 0
L 1.2874015 0.53937 1.2874015 0.5826771 0 P 0
L 1.2883858 0.0442913 1.2883858 0.0659448 0 P 0
L 1.2927165 0.1151575 1.2927165 0.1840551 0 P 0
L 1.2982285 0.5400332 1.2982285 0.5833403 0 P 0
L 1.2982285 0.5400332 1.3218505 0.5400332 0 P 0
L 1.2982285 0.5833403 1.3218505 0.5833403 0 P 0
L 1.3001968 0.6112204 1.3001968 0.652559 0 P 0
L 1.3001968 0.6112204 1.3218503 0.6112204 0 P 0
L 1.3001968 0.652559 1.3218503 0.652559 0 P 0
L 1.3001968 0.6742125 1.3001968 0.7155511 0 P 0
L 1.3001968 0.6742125 1.3218503 0.6742125 0 P 0
L 1.3001968 0.7155511 1.3218503 0.7155511 0 P 0
L 1.3001969 0.7637795 1.3001969 0.8425196 0 P 0
L 1.3068059 0.8651575 1.3068059 0.9064961 0 P 0
L 1.3218503 0.6112204 1.3218503 0.652559 0 P 0
L 1.3218503 0.6742125 1.3218503 0.7155511 0 P 0
L 1.3218505 0.5400332 1.3218505 0.5833403 0 P 0
L 1.3346457 0.6082678 1.3346457 0.6515749 0 P 0
L 1.3346457 0.6082678 1.3582677 0.6082678 0 P 0
L 1.3346457 0.6515749 1.3582677 0.6515749 0 P 0
L 1.3356299 0.5423228 1.3356299 0.5836614 0 P 0
L 1.3356299 0.5423228 1.3572834 0.5423228 0 P 0
L 1.3356299 0.5836614 1.3572834 0.5836614 0 P 0
L 1.3553149 0.148622 1.3553149 0.1899606 0 P 0
L 1.3553149 0.148622 1.3769684 0.148622 0 P 0
L 1.3553149 0.1899606 1.3769684 0.1899606 0 P 0
L 1.3572834 0.5423228 1.3572834 0.5836614 0 P 0
L 1.3582677 0.6082678 1.3582677 0.6515749 0 P 0
L 1.3720474 0.283058 1.3720474 0.4602234 0 P 0
L 1.3769684 0.148622 1.3769684 0.1899606 0 P 0
L 1.5679134 0.4950787 1.5679134 0.5364173 0 P 0
L 1.5679134 0.4950787 1.5895669 0.4950787 0 P 0
L 1.5679134 0.5364173 1.5895669 0.5364173 0 P 0
L 1.5895669 0.4950787 1.5895669 0.5364173 0 P 0
