#Layer_Color=32768
#
#Feature symbol names
#
$0 r3.937
$1 r1.9685

#
#Feature attribute names
#

#
#Layer features
#
L 0.2874015 0.0374016 0.2874015 0.1909449 1 P 0
L 0.2874015 0.0374016 0.4291338 0.0374016 1 P 0
L 0.2874015 0.1909449 0.4291338 0.1909449 1 P 0
L 0.2972442 0.1476378 0.2972442 0.1909449 1 P 0
L 0.2972442 0.1476378 0.3877953 0.1476378 1 P 0
L 0.2972442 0.1909449 0.3877953 0.1909449 1 P 0
L 0.323819 0.1692913 0.3612205 0.1692913 1 P 0
L 0.3385826 0.1141733 0.3779527 0.1141733 0 P 0
L 0.3425198 0.1505905 0.3425198 0.1879921 1 P 0
L 0.3582677 0.0944882 0.3582677 0.1338583 0 P 0
L 0.3770072 0.8031497 0.3770072 0.8661418 1 P 0
L 0.3770072 0.8031497 0.4085033 0.8031497 1 P 0
L 0.3770072 0.8661418 0.4085033 0.8661418 1 P 0
L 0.3819285 0.8346457 0.403582 0.8346457 1 P 0
L 0.3877953 0.1476378 0.3877953 0.1909449 1 P 0
L 0.3897638 0.1259843 0.3897638 0.1889764 1 P 0
L 0.3897638 0.1259843 0.4212599 0.1259843 1 P 0
L 0.3897638 0.1889764 0.4212599 0.1889764 1 P 0
L 0.3927552 0.823819 0.3927552 0.8454725 1 P 0
L 0.3937008 0.1574804 0.4173228 0.1574804 1 P 0
L 0.4055118 0.1456693 0.4055118 0.1692914 1 P 0
L 0.4085033 0.8031497 0.4085033 0.8661418 1 P 0
L 0.4153543 0.7992126 0.4153543 0.8700787 0 P 0
L 0.4153543 0.7992126 0.4429133 0.7992126 0 P 0
L 0.4153543 0.8700787 0.4429133 0.8700787 0 P 0
L 0.4173228 0.8346457 0.4409448 0.8346457 0 P 0
L 0.4212599 0.1259843 0.4212599 0.1889764 1 P 0
L 0.4291338 0.0374016 0.4291338 0.1909449 1 P 0
L 0.4291338 0.8228346 0.4291338 0.8464567 0 P 0
L 0.4429133 0.7992126 0.4429133 0.8700787 0 P 0
L 0.4468505 0.1259843 0.4468505 0.1968504 0 P 0
L 0.4468505 0.1259843 0.4744095 0.1259843 0 P 0
L 0.4468505 0.1968504 0.4744095 0.1968504 0 P 0
L 0.4488189 0.8031496 0.4488189 0.8661417 1 P 0
L 0.4488189 0.8031496 0.480315 0.8031496 1 P 0
L 0.4488189 0.8661417 0.480315 0.8661417 1 P 0
L 0.448819 0.1614173 0.472441 0.1614173 0 P 0
L 0.4527559 0.8346457 0.4763779 0.8346457 1 P 0
L 0.46063 0.1496063 0.46063 0.1732284 0 P 0
L 0.4645669 0.8228346 0.4645669 0.8464567 1 P 0
L 0.4744095 0.1259843 0.4744095 0.1968504 0 P 0
L 0.4803149 0.1338582 0.4803149 0.1968503 1 P 0
L 0.4803149 0.1338582 0.511811 0.1338582 1 P 0
L 0.4803149 0.1968503 0.511811 0.1968503 1 P 0
L 0.480315 0.8031496 0.480315 0.8661417 1 P 0
L 0.4852362 0.1653543 0.5068897 0.1653543 1 P 0
L 0.496063 0.1545275 0.496063 0.176181 1 P 0
L 0.511811 0.1338582 0.511811 0.1968503 1 P 0
L 0.5177166 0.1515747 0.5177166 0.1948818 1 P 0
L 0.5177166 0.1515747 0.6082677 0.1515747 1 P 0
L 0.5177166 0.1515748 0.5177166 0.1948819 1 P 0
L 0.5177166 0.1515748 0.6082677 0.1515748 1 P 0
L 0.5177166 0.1948818 0.6082677 0.1948818 1 P 0
L 0.5177166 0.1948819 0.6082677 0.1948819 1 P 0
L 0.5442914 0.1732283 0.5816929 0.1732283 1 P 0
L 0.5442914 0.1732283 0.5816929 0.1732283 1 P 0
L 0.5629922 0.1545275 0.5629922 0.1919291 1 P 0
L 0.5629922 0.1545275 0.5629922 0.1919291 1 P 0
L 0.6082677 0.1515747 0.6082677 0.1948818 1 P 0
L 0.6082677 0.1515748 0.6082677 0.1948819 1 P 0
L 0.6240158 0.1515747 0.6240158 0.1948818 1 P 0
L 0.6240158 0.1515747 0.7145669 0.1515747 1 P 0
L 0.6240158 0.1515748 0.6240158 0.1948819 1 P 0
L 0.6240158 0.1515748 0.7145669 0.1515748 1 P 0
L 0.6240158 0.1948818 0.7145669 0.1948818 1 P 0
L 0.6240158 0.1948819 0.7145669 0.1948819 1 P 0
L 0.6505906 0.1732283 0.6879921 0.1732283 1 P 0
L 0.6505906 0.1732283 0.6879921 0.1732283 1 P 0
L 0.6692913 0.1545275 0.6692913 0.1919291 1 P 0
L 0.6692913 0.1545275 0.6692913 0.1919291 1 P 0
L 0.7145669 0.1515747 0.7145669 0.1948818 1 P 0
L 0.7145669 0.1515748 0.7145669 0.1948819 1 P 0
L 0.7992127 0.7913386 0.7992127 0.8228347 1 P 0
L 0.7992127 0.7913386 0.8622048 0.7913386 1 P 0
L 0.7992127 0.8228347 0.8622048 0.8228347 1 P 0
L 0.7992127 0.8267717 0.7992127 0.8582678 1 P 0
L 0.7992127 0.8267717 0.8622048 0.8267717 1 P 0
L 0.7992127 0.8582678 0.8622048 0.8582678 1 P 0
L 0.7992127 0.8622048 0.7992127 0.8937009 1 P 0
L 0.7992127 0.8622048 0.8622048 0.8622048 1 P 0
L 0.7992127 0.8937009 0.8622048 0.8937009 1 P 0
L 0.819882 0.8070866 0.8415355 0.8070866 1 P 0
L 0.819882 0.8425197 0.8415355 0.8425197 1 P 0
L 0.819882 0.8779528 0.8415355 0.8779528 1 P 0
L 0.8228347 0.1338582 0.8228347 0.1968503 1 P 0
L 0.8228347 0.1338582 0.8543308 0.1338582 1 P 0
L 0.8228347 0.1968503 0.8543308 0.1968503 1 P 0
L 0.8228347 0.2007874 0.8228347 0.2322835 1 P 0
L 0.8228347 0.2007874 0.8858268 0.2007874 1 P 0
L 0.8228347 0.2322835 0.8858268 0.2322835 1 P 0
L 0.8238189 0.2519686 0.8238189 0.4094489 1 P 0
L 0.8238189 0.2519686 0.9557087 0.2519686 1 P 0
L 0.8238189 0.4094489 0.9557087 0.4094489 1 P 0
L 0.827756 0.1653543 0.8494095 0.1653543 1 P 0
L 0.8307087 0.7962599 0.8307087 0.8179134 1 P 0
L 0.8307087 0.831693 0.8307087 0.8533465 1 P 0
L 0.8307087 0.8671261 0.8307087 0.8887796 1 P 0
L 0.8334444 0.5275591 0.8334444 0.5984252 0 P 0
L 0.8334444 0.5275591 0.8610034 0.5275591 0 P 0
L 0.8334444 0.5984252 0.8610034 0.5984252 0 P 0
L 0.8354129 0.5629921 0.8590349 0.5629921 0 P 0
L 0.8385827 0.1545275 0.8385827 0.176181 1 P 0
L 0.843504 0.2165354 0.8651575 0.2165354 1 P 0
L 0.8472239 0.5511811 0.8472239 0.5748032 0 P 0
L 0.8543306 0.1338583 0.8543306 0.1968504 1 P 0
L 0.8543306 0.1338583 0.8858267 0.1338583 1 P 0
L 0.8543306 0.1968504 0.8858267 0.1968504 1 P 0
L 0.8543307 0.2057087 0.8543307 0.2273622 1 P 0
L 0.8543308 0.1338582 0.8543308 0.1968503 1 P 0
L 0.8592519 0.1653543 0.8809054 0.1653543 1 P 0
L 0.8610034 0.5275591 0.8610034 0.5984252 0 P 0
L 0.8622048 0.7913386 0.8622048 0.8228347 1 P 0
L 0.8622048 0.8267717 0.8622048 0.8582678 1 P 0
L 0.8622048 0.8622048 0.8622048 0.8937009 1 P 0
L 0.8661418 0.5314961 0.8661418 0.5944882 1 P 0
L 0.8661418 0.5314961 0.8976379 0.5314961 1 P 0
L 0.8661418 0.5944882 0.8976379 0.5944882 1 P 0
L 0.8700787 0.1545276 0.8700787 0.1761811 1 P 0
L 0.8700787 0.3307087 0.9094488 0.3307087 0 P 0
L 0.8700788 0.5629921 0.8937008 0.5629921 1 P 0
L 0.8818898 0.5511811 0.8818898 0.5748032 1 P 0
L 0.8858267 0.1338583 0.8858267 0.1968504 1 P 0
L 0.8858268 0.2007874 0.8858268 0.2322835 1 P 0
L 0.8893515 0.1299212 0.8893515 0.1614173 1 P 0
L 0.8893515 0.1299212 0.9523436 0.1299212 1 P 0
L 0.8893515 0.1614173 0.9523436 0.1614173 1 P 0
L 0.8893515 0.1653543 0.8893515 0.1968504 1 P 0
L 0.8893515 0.1653543 0.9523436 0.1653543 1 P 0
L 0.8893515 0.1968504 0.9523436 0.1968504 1 P 0
L 0.8897638 0.3110237 0.8897638 0.3503938 0 P 0
L 0.889766 0.2007873 0.889766 0.2322834 1 P 0
L 0.889766 0.2007873 0.9527581 0.2007873 1 P 0
L 0.889766 0.2322834 0.9527581 0.2322834 1 P 0
L 0.8976379 0.5314961 0.8976379 0.5944882 1 P 0
L 0.9015748 0.4133858 0.9015748 0.7677165 1 P 0
L 0.9015748 0.4133858 1.2559055 0.4133858 1 P 0
L 0.9015748 0.7677165 1.2559055 0.7677165 1 P 0
L 0.909451 0.2165354 0.9330731 0.2165354 1 P 0
L 0.9100208 0.1456693 0.9316743 0.1456693 1 P 0
L 0.9100208 0.1811024 0.9316743 0.1811024 1 P 0
L 0.9208476 0.1348425 0.9208476 0.156496 1 P 0
L 0.9208476 0.1702756 0.9208476 0.1919291 1 P 0
L 0.921262 0.2047244 0.921262 0.2283464 1 P 0
L 0.9523436 0.1299212 0.9523436 0.1614173 1 P 0
L 0.9523436 0.1653543 0.9523436 0.1968504 1 P 0
L 0.9527581 0.2007873 0.9527581 0.2322834 1 P 0
L 0.9557087 0.2519686 0.9557087 0.4094489 1 P 0
L 0.9566929 0.2362204 0.9566929 0.2677165 1 P 0
L 0.9566929 0.2362204 1.019685 0.2362204 1 P 0
L 0.9566929 0.2677165 1.019685 0.2677165 1 P 0
L 0.9566929 0.2716535 0.9566929 0.3031496 1 P 0
L 0.9566929 0.2716535 1.019685 0.2716535 1 P 0
L 0.9566929 0.3031496 1.019685 0.3031496 1 P 0
L 0.9566931 0.3070866 0.9566931 0.3385827 1 P 0
L 0.9566931 0.3070866 1.0196852 0.3070866 1 P 0
L 0.9566931 0.3385827 1.0196852 0.3385827 1 P 0
L 0.9566931 0.3425197 0.9566931 0.3740158 1 P 0
L 0.9566931 0.3425197 1.0196852 0.3425197 1 P 0
L 0.9566931 0.3740158 1.0196852 0.3740158 1 P 0
L 0.9571798 0.2007874 0.9571798 0.2322835 1 P 0
L 0.9571798 0.2007874 1.0201719 0.2007874 1 P 0
L 0.9571798 0.2322835 1.0201719 0.2322835 1 P 0
L 0.96063 0.3779527 0.96063 0.4094488 1 P 0
L 0.96063 0.3779527 1.0236221 0.3779527 1 P 0
L 0.96063 0.4094488 1.0236221 0.4094488 1 P 0
L 0.9763781 0.3582677 1.0000002 0.3582677 1 P 0
L 0.9768648 0.2165354 1.0004869 0.2165354 1 P 0
L 0.9773622 0.2519685 0.9990157 0.2519685 1 P 0
L 0.9773622 0.2874016 0.9990157 0.2874016 1 P 0
L 0.9773624 0.3228347 0.9990159 0.3228347 1 P 0
L 0.980315 0.3937008 1.0039371 0.3937008 1 P 0
L 0.988189 0.2411417 0.988189 0.2627952 1 P 0
L 0.988189 0.2765748 0.988189 0.2982283 1 P 0
L 0.988189 0.8110237 0.988189 0.8425198 1 P 0
L 0.988189 0.8110237 1.0511811 0.8110237 1 P 0
L 0.988189 0.8425198 1.0511811 0.8425198 1 P 0
L 0.988189 0.8464567 0.988189 0.8779528 1 P 0
L 0.988189 0.8464567 1.0511811 0.8464567 1 P 0
L 0.988189 0.8779528 1.0511811 0.8779528 1 P 0
L 0.9881891 0.7677165 0.9881891 0.7992126 1 P 0
L 0.9881891 0.7677165 1.0511812 0.7677165 1 P 0
L 0.9881891 0.7992126 1.0511812 0.7992126 1 P 0
L 0.9881892 0.3120079 0.9881892 0.3336614 1 P 0
L 0.9881892 0.3464567 0.9881892 0.3700787 1 P 0
L 0.9886759 0.2047244 0.9886759 0.2283464 1 P 0
L 0.992126 0.3818898 0.992126 0.4055118 1 P 0
L 1.0078741 0.7834646 1.0314962 0.7834646 1 P 0
L 1.0088583 0.8267717 1.0305118 0.8267717 1 P 0
L 1.0088583 0.8622047 1.0305118 0.8622047 1 P 0
L 1.011811 0.2677165 1.011811 0.2992126 1 P 0
L 1.011811 0.2677165 1.0748031 0.2677165 1 P 0
L 1.011811 0.2992126 1.0748031 0.2992126 1 P 0
L 1.0157481 0.2362204 1.0157481 0.2677165 1 P 0
L 1.0157481 0.2362204 1.0787402 0.2362204 1 P 0
L 1.0157481 0.2677165 1.0787402 0.2677165 1 P 0
L 1.0177165 0.0295276 1.0177165 0.206693 0 P 0
L 1.0177165 0.0295276 1.1555118 0.0295276 0 P 0
L 1.0177165 0.206693 1.1555118 0.206693 0 P 0
L 1.019685 0.2362204 1.019685 0.2677165 1 P 0
L 1.019685 0.2716535 1.019685 0.3031496 1 P 0
L 1.019685 0.815945 1.019685 0.8375985 1 P 0
L 1.019685 0.851378 1.019685 0.8730315 1 P 0
L 1.0196851 0.7716536 1.0196851 0.7952756 1 P 0
L 1.0196852 0.3070866 1.0196852 0.3385827 1 P 0
L 1.0196852 0.3425197 1.0196852 0.3740158 1 P 0
L 1.0201719 0.2007874 1.0201719 0.2322835 1 P 0
L 1.0236221 0.3779527 1.0236221 0.4094488 1 P 0
L 1.024005 0.2007874 1.024005 0.2322835 1 P 0
L 1.024005 0.2007874 1.0869971 0.2007874 1 P 0
L 1.024005 0.2322835 1.0869971 0.2322835 1 P 0
L 1.0324803 0.2834646 1.0541338 0.2834646 1 P 0
L 1.0354331 0.2519685 1.0590552 0.2519685 1 P 0
L 1.0433071 0.2726378 1.0433071 0.2942913 1 P 0
L 1.04369 0.2165354 1.0673121 0.2165354 1 P 0
L 1.0472441 0.2401575 1.0472441 0.2637795 1 P 0
L 1.0511811 0.8110237 1.0511811 0.8425198 1 P 0
L 1.0511811 0.8464567 1.0511811 0.8779528 1 P 0
L 1.0511812 0.7677165 1.0511812 0.7992126 1 P 0
L 1.0555011 0.2047244 1.0555011 0.2283464 1 P 0
L 1.0590551 0.5905512 1.0984252 0.5905512 0 P 0
L 1.0669291 0.1181103 1.1062992 0.1181103 0 P 0
L 1.0748031 0.2677165 1.0748031 0.2992126 1 P 0
L 1.0787402 0.2362204 1.0787402 0.2677165 1 P 0
L 1.0787402 0.5708661 1.0787402 0.6102362 0 P 0
L 1.0866142 0.0984253 1.0866142 0.1377954 0 P 0
L 1.0869971 0.2007874 1.0869971 0.2322835 1 P 0
L 1.0905511 0.2007874 1.0905511 0.2322835 1 P 0
L 1.0905511 0.2007874 1.1535432 0.2007874 1 P 0
L 1.0905511 0.2322835 1.1535432 0.2322835 1 P 0
L 1.1062992 0.3425196 1.1062992 0.3740157 1 P 0
L 1.1062992 0.3425196 1.1692913 0.3425196 1 P 0
L 1.1062992 0.3740157 1.1692913 0.3740157 1 P 0
L 1.1062992 0.3779528 1.1062992 0.4094489 1 P 0
L 1.1062992 0.3779528 1.1692913 0.3779528 1 P 0
L 1.1062992 0.4094489 1.1692913 0.4094489 1 P 0
L 1.1062993 0.3070866 1.1062993 0.3385827 1 P 0
L 1.1062993 0.3070866 1.1692914 0.3070866 1 P 0
L 1.1062993 0.3385827 1.1692914 0.3385827 1 P 0
L 1.1102361 0.2165354 1.1338582 0.2165354 1 P 0
L 1.1220472 0.2047244 1.1220472 0.2283464 1 P 0
L 1.1259842 0.3937008 1.1496063 0.3937008 1 P 0
L 1.1269685 0.3582677 1.148622 0.3582677 1 P 0
L 1.1269686 0.3228346 1.1486221 0.3228346 1 P 0
L 1.1377953 0.3120079 1.1377953 0.3336614 1 P 0
L 1.1377953 0.3474409 1.1377953 0.3690944 1 P 0
L 1.1377953 0.3818898 1.1377953 0.4055118 1 P 0
L 1.1535432 0.2007874 1.1535432 0.2322835 1 P 0
L 1.1555118 0.0295276 1.1555118 0.206693 0 P 0
L 1.1614173 0.0708661 1.1614173 0.2283465 1 P 0
L 1.1614173 0.0708661 1.3031496 0.0708661 1 P 0
L 1.1614173 0.2283465 1.3031496 0.2283465 1 P 0
L 1.1692913 0.03937 1.1692913 0.0708661 1 P 0
L 1.1692913 0.03937 1.2322834 0.03937 1 P 0
L 1.1692913 0.0708661 1.2322834 0.0708661 1 P 0
L 1.1692913 0.3425196 1.1692913 0.3740157 1 P 0
L 1.1692913 0.3779528 1.1692913 0.4094489 1 P 0
L 1.1692914 0.3070866 1.1692914 0.3385827 1 P 0
L 1.1732283 0.3070866 1.1732283 0.3385827 1 P 0
L 1.1732283 0.3070866 1.2362204 0.3070866 1 P 0
L 1.1732283 0.3385827 1.2362204 0.3385827 1 P 0
L 1.1732283 0.3425196 1.1732283 0.3740157 1 P 0
L 1.1732283 0.3425196 1.2362204 0.3425196 1 P 0
L 1.1732283 0.3740157 1.2362204 0.3740157 1 P 0
L 1.1899606 0.0551181 1.2116141 0.0551181 1 P 0
L 1.1929133 0.3228346 1.2165354 0.3228346 1 P 0
L 1.1938976 0.3582677 1.2155511 0.3582677 1 P 0
L 1.2007874 0.0442913 1.2007874 0.0659448 1 P 0
L 1.2047244 0.3110236 1.2047244 0.3346456 1 P 0
L 1.2047244 0.3474409 1.2047244 0.3690944 1 P 0
L 1.2125984 0.1496063 1.2519685 0.1496063 0 P 0
L 1.2222702 0.2322834 1.2222702 0.2952755 1 P 0
L 1.2222702 0.2322834 1.2537663 0.2322834 1 P 0
L 1.2222702 0.2952755 1.2537663 0.2952755 1 P 0
L 1.2244095 0.7559055 1.2244095 0.8503936 1 P 0
L 1.2244095 0.7559055 1.3267717 0.7559055 1 P 0
L 1.2244095 0.8503936 1.3267717 0.8503936 1 P 0
L 1.2262073 0.2637795 1.2498293 0.2637795 1 P 0
L 1.2322834 0.03937 1.2322834 0.0708661 1 P 0
L 1.2322835 0.1299213 1.2322835 0.1692913 0 P 0
L 1.2362204 0.03937 1.2362204 0.0708661 1 P 0
L 1.2362204 0.03937 1.2992125 0.03937 1 P 0
L 1.2362204 0.0708661 1.2992125 0.0708661 1 P 0
L 1.2362204 0.3070866 1.2362204 0.3385827 1 P 0
L 1.2362204 0.3425196 1.2362204 0.3740157 1 P 0
L 1.2380183 0.2519684 1.2380183 0.2755905 1 P 0
L 1.2451316 0.8543308 1.2451316 0.9173229 1 P 0
L 1.2451316 0.8543308 1.2766277 0.8543308 1 P 0
L 1.2451316 0.9173229 1.2766277 0.9173229 1 P 0
L 1.2460631 0.2299084 1.2460631 0.513373 1 P 0
L 1.2460631 0.2299084 1.3759844 0.2299084 1 P 0
L 1.2460631 0.513373 1.3759844 0.513373 1 P 0
L 1.2500529 0.8858268 1.2717064 0.8858268 1 P 0
L 1.2537663 0.2322834 1.2537663 0.2952755 1 P 0
L 1.2559055 0.4133858 1.2559055 0.7677165 1 P 0
L 1.2559056 0.8031496 1.2952757 0.8031496 0 P 0
L 1.2568897 0.0551181 1.2785432 0.0551181 1 P 0
L 1.2598424 0.5295275 1.2598424 0.5925196 1 P 0
L 1.2598424 0.5295275 1.2913385 0.5295275 1 P 0
L 1.2598424 0.5925196 1.2913385 0.5925196 1 P 0
L 1.2598424 0.6003937 1.2598424 0.6633858 1 P 0
L 1.2598424 0.6003937 1.2913385 0.6003937 1 P 0
L 1.2598424 0.6633858 1.2913385 0.6633858 1 P 0
L 1.2598425 0.6633858 1.2598425 0.7263779 1 P 0
L 1.2598425 0.6633858 1.2913386 0.6633858 1 P 0
L 1.2598425 0.7263779 1.2913386 0.7263779 1 P 0
L 1.2608797 0.8750001 1.2608797 0.8966536 1 P 0
L 1.2637795 0.5610236 1.2874015 0.5610236 1 P 0
L 1.2647637 0.6318897 1.2864172 0.6318897 1 P 0
L 1.2647638 0.6948818 1.2864173 0.6948818 1 P 0
L 1.2677165 0.0442913 1.2677165 0.0659448 1 P 0
L 1.2755905 0.5492125 1.2755905 0.5728346 1 P 0
L 1.2755905 0.621063 1.2755905 0.6427165 1 P 0
L 1.2755906 0.6840551 1.2755906 0.7057086 1 P 0
L 1.2755906 0.7834645 1.2755906 0.8228346 0 P 0
L 1.2766277 0.8543308 1.2766277 0.9173229 1 P 0
L 1.2802311 0.8543308 1.2802311 0.9173229 1 P 0
L 1.2802311 0.8543308 1.3117272 0.8543308 1 P 0
L 1.2802311 0.9173229 1.3117272 0.9173229 1 P 0
L 1.2851524 0.8858268 1.3068059 0.8858268 1 P 0
L 1.2913385 0.5295275 1.2913385 0.5925196 1 P 0
L 1.2913385 0.6003937 1.2913385 0.6633858 1 P 0
L 1.2913386 0.6633858 1.2913386 0.7263779 1 P 0
L 1.2913387 0.3716407 1.3307088 0.3716407 0 P 0
L 1.2952755 0.6003937 1.2952755 0.6633858 1 P 0
L 1.2952755 0.6003937 1.3267716 0.6003937 1 P 0
L 1.2952755 0.6633858 1.2952755 0.7263779 1 P 0
L 1.2952755 0.6633858 1.3267716 0.6633858 1 P 0
L 1.2952755 0.6633858 1.3267716 0.6633858 1 P 0
L 1.2952755 0.7263779 1.3267716 0.7263779 1 P 0
L 1.2959792 0.8750001 1.2959792 0.8966536 1 P 0
L 1.29626 0.5262537 1.29626 0.5971198 0 P 0
L 1.29626 0.5262537 1.323819 0.5262537 0 P 0
L 1.29626 0.5971198 1.323819 0.5971198 0 P 0
L 1.2982285 0.5616868 1.3218505 0.5616868 0 P 0
L 1.2992125 0.03937 1.2992125 0.0708661 1 P 0
L 1.3001968 0.6318897 1.3218503 0.6318897 1 P 0
L 1.3001968 0.6948818 1.3218503 0.6948818 1 P 0
L 1.3031496 0.0708661 1.3031496 0.2283465 1 P 0
L 1.3100395 0.5498757 1.3100395 0.5734978 0 P 0
L 1.3110236 0.621063 1.3110236 0.6427165 1 P 0
L 1.3110236 0.6840551 1.3110236 0.7057086 1 P 0
L 1.3110238 0.3519556 1.3110238 0.3913257 0 P 0
L 1.3117272 0.8543308 1.3117272 0.9173229 1 P 0
L 1.323819 0.5262537 1.323819 0.5971198 0 P 0
L 1.3267716 0.6003937 1.3267716 0.6633858 1 P 0
L 1.3267716 0.6633858 1.3267716 0.7263779 1 P 0
L 1.3267717 0.7559055 1.3267717 0.8503936 1 P 0
L 1.3307086 0.5314961 1.3307086 0.5944882 1 P 0
L 1.3307086 0.5314961 1.3622047 0.5314961 1 P 0
L 1.3307086 0.5944882 1.3622047 0.5944882 1 P 0
L 1.3307087 0.5984253 1.3307087 0.6614174 1 P 0
L 1.3307087 0.5984253 1.3622048 0.5984253 1 P 0
L 1.3307087 0.6614174 1.3622048 0.6614174 1 P 0
L 1.3346457 0.6299213 1.3582677 0.6299213 1 P 0
L 1.3356299 0.5629921 1.3572834 0.5629921 1 P 0
L 1.3464567 0.5521654 1.3464567 0.5738189 1 P 0
L 1.3464567 0.6181103 1.3464567 0.6417324 1 P 0
L 1.3503936 0.1377953 1.3503936 0.2007874 1 P 0
L 1.3503936 0.1377953 1.3818897 0.1377953 1 P 0
L 1.3503936 0.2007874 1.3818897 0.2007874 1 P 0
L 1.3553149 0.1692913 1.3769684 0.1692913 1 P 0
L 1.3622047 0.5314961 1.3622047 0.5944882 1 P 0
L 1.3622048 0.5984253 1.3622048 0.6614174 1 P 0
L 1.3661417 0.1584646 1.3661417 0.1801181 1 P 0
L 1.3759844 0.2299084 1.3759844 0.513373 1 P 0
L 1.3818897 0.1377953 1.3818897 0.2007874 1 P 0
L 1.5629921 0.484252 1.5629921 0.5472441 1 P 0
L 1.5629921 0.484252 1.5944882 0.484252 1 P 0
L 1.5629921 0.5472441 1.5944882 0.5472441 1 P 0
L 1.5679134 0.515748 1.5895669 0.515748 1 P 0
L 1.5787402 0.5049213 1.5787402 0.5265748 1 P 0
L 1.5944882 0.484252 1.5944882 0.5472441 1 P 0
